9
35
2,/,2
0,0
1,0
21,*,3
0,1
0,2
1,2
7,-,2
0,3
0,4
4,/,2
1,3
1,4
3,-,2
0,5
1,5
1,-,2
0,6
0,7
2,-,2
1,6
1,7
17,+,2
0,8
1,8
14,+,3
1,1
2,1
2,2
3,-,2
2,4
2,5
2,/,2
2,3
3,3
20,+,3
2,6
2,7
3,6
3,-,2
2,8
3,8
54,*,3
3,1
3,2
4,1
4,/,2
4,2
4,3
17,+,2
4,5
4,6
7, ,1
4,8
14,+,4
2,0
3,0
4,0
5,0
17,+,2
5,1
5,2
23,+,4
3,4
3,5
4,4
5,4
3, ,1
5,5
160,*,3
3,7
4,7
5,7
2,-,2
5,3
6,3
8,*,2
6,4
6,5
6,+,3
5,6
6,6
6,7
3,/,2
5,8
6,8
720,*,4
6,0
6,1
6,2
7,1
4,/,2
7,3
7,4
8,-,2
7,6
7,7
4,-,2
7,0
8,0
20,+,3
7,2
8,1
8,2
8,-,2
8,3
8,4
10,+,2
7,5
8,5
3,/,2
8,6
8,7
2,-,2
7,8
8,8

