9
35
4,/,2
0,0
0,1
6,-,2
0,2
0,3
5,-,2
0,7
0,8
140,*,3
1,1
1,2
1,3
18,*,3
0,4
1,4
1,5
20,+,3
0,5
0,6
1,6
7,-,2
1,7
1,8
5,-,2
2,1
2,2
5,-,2
2,4
2,5
1620,*,4
1,0
2,0
3,0
3,1
5,-,2
2,3
3,3
1,-,2
3,5
3,6
11,+,3
2,6
2,7
3,7
4,-,2
2,8
3,8
8,-,2
4,0
4,1
10,*,2
3,2
4,2
40,*,2
3,4
4,4
56,*,2
4,5
4,6
2,/,2
5,0
5,1
1,-,2
4,3
5,3
6,-,2
5,5
5,6
2,/,2
4,7
5,7
2,-,2
4,8
5,8
11,+,2
6,0
6,1
6,*,3
5,2
6,2
6,3
3,-,2
5,4
6,4
252,*,3
6,6
6,7
6,8
10,+,2
7,3
7,4
1,-,2
6,5
7,5
10,+,2
7,0
8,0
6,-,2
7,1
8,1
48,*,2
7,2
8,2
24,*,2
8,3
8,4
1080,*,4
7,6
7,7
8,5
8,6
20,*,3
7,8
8,7
8,8

